1.107672
0.260416
-0.427689
2.075463
1.688384
0.681974
1.414867
0.230325
0.950589
-0.395723
-0.425548
-0.237377
0.145795
-0.080562
-0.262988
-0.073826
0.046973
-0.606988
0.090169
-1.531293
0.141459
-1.019640
-1.415054
0.387853
-0.023950
1.733333
0.112807
0.622708
0.431990
-1.514054
-0.799540
-1.572743
-0.844155
-2.628868
0.009250
-1.382710
-1.370700
-0.329149
-0.088120
-1.060507
-0.503566
0.205151
-0.934543
-0.916044
0.493414
0.242470
-3.989379
-0.996637
0.144141
1.621387
1.708672
-2.222313
-1.272554
1.918711
0.850804
0.503515
-0.019575
0.271944
-0.605322
2.389709
-0.557246
-0.767526
-0.400802
1.142695
0.198657
0.558121
0.482946
-0.601353
0.710175
1.359258
0.060027
0.989439
1.108239
1.154578
0.417903
1.843073
-0.297743
0.630070
0.895578
1.071991
1.413124
1.388199
0.403939
0.183935
0.262447
0.168490
-0.996268
-1.869728
-0.392099
-0.759125
-0.470031
-0.615369
0.635496
1.364438
-1.721647
-0.513803
0.282353
0.677037
1.856777
-0.759850
-0.181332
0.494458
-0.019559
-1.073270
0.939821
-0.047585
-0.319196
-1.333243
0.136292
1.408045
-1.279275
0.665439
0.568569
1.250297
0.884544
-0.168845
-0.390985
-1.897785
-0.312749
0.995339
-1.024824
1.370391
1.056614
0.514291
-0.015267
1.126072
-0.257342
2.682729
