-0.003926,0.003954,-0.006222,-0.009970,-0.001209,0.008599,0.022779,0.007857,-0.000246,-0.017852,-0.011269,0.012877,0.023686,-0.001622,0.009090,-0.003065,-0.020866,0.014438,0.003375,0.004297,-0.002922,0.009559,-0.005200,-0.018477,-0.004841,-0.010974,0.000786,0.005403,0.014684,0.012473,-0.005149,-0.001294,-0.008464,-0.016477,0.011168,0.012992,-0.006881,-0.006900,-0.003430,-0.004686,-0.028572,0.004801,-0.001585,0.009920,0.027370,0.003654,0.024633,-0.005133,-0.006669
-0.009735,-0.006230,0.002293,0.000527,0.001842,-0.002973,0.000528,0.013297,-0.009587,-0.007230,0.009996,-0.016060,-0.016748,-0.008476,0.005950,-0.013241,0.021805,-0.025322,0.001721,-0.005378,0.004931,0.000483,0.003518,-0.012141,-0.012674,0.013177,0.008290,-0.012287,0.009397,-0.000104,0.002096,0.002304,0.008606,-0.000684,-0.022388,-0.005733,0.008000,0.003781,-0.000962,0.011532,-0.010918,0.010259,-0.006760,0.019389,0.007883,0.015115,-0.009926,-0.000645,-0.014164
0.005333,0.007385,-0.000241,0.014490,-0.018135,0.006410,-0.008584,0.011727,0.000024,-0.016284,-0.003984,0.016604,0.003282,-0.014783,-0.007433,-0.006198,0.014896,-0.000306,0.006044,-0.000197,-0.010133,0.010979,0.004544,-0.006330,-0.000263,0.018939,-0.002079,-0.008188,-0.014145,0.009027,0.006438,0.003130,-0.016013,0.022772,-0.004300,-0.002186,0.020573,-0.007937,-0.010050,0.003951,-0.008304,-0.002303,0.002654,-0.001068,-0.000394,-0.001805,-0.001756,-0.024256,-0.009228
0.003100,0.000641,0.018139,-0.003690,-0.006718,-0.003618,-0.011666,0.024312,0.003780,-0.002161,0.009111,0.019723,0.003594,0.004277,-0.004300,-0.000759,0.007294,-0.012950,-0.002903,0.001733,-0.006187,0.009749,-0.016666,0.008282,0.007274,0.014016,0.025123,-0.000232,-0.007883,0.009119,-0.004055,0.007178,0.009265,-0.001705,0.001972,0.004230,-0.007674,0.019665,0.011260,0.004568,0.002332,0.002755,0.008599,-0.003306,0.008192,-0.017401,0.001255,0.002642,0.008883
-0.000903,0.002619,0.007401,0.001584,-0.007162,-0.003594,-0.006613,-0.008088,-0.010523,-0.017894,-0.005113,0.006546,-0.006452,-0.015479,0.008098,-0.005639,-0.013391,0.007989,0.005209,0.007012,-0.019154,0.004421,-0.006599,0.010259,0.010892,-0.007002,0.013394,-0.007462,0.007349,-0.000374,-0.005775,0.012220,-0.011800,-0.011658,0.003286,0.001615,-0.004212,-0.008512,-0.013621,0.001743,-0.004585,-0.012371,0.007070,-0.005835,-0.005738,0.009624,0.005251,-0.015473,0.020219
0.008620,-0.006723,0.013437,-0.014121,-0.004552,-0.004250,0.016998,-0.003719,-0.010181,0.001184,0.003627,0.009897,0.001725,-0.017713,0.009896,0.002055,-0.009076,-0.011701,-0.018068,0.016850,0.001020,0.007994,-0.004988,-0.017099,0.000235,-0.004266,-0.005803,0.010542,0.003755,0.006624,-0.024811,-0.017705,0.005716,0.003225,0.000737,0.008459,0.002060,-0.010343,-0.005689,0.008095,0.003571,0.003666,0.002295,0.011400,0.001521,0.008517,-0.002170,0.008685,-0.013508
-0.005847,-0.021860,0.001337,0.007618,0.022559,0.000805,0.028466,-0.005678,0.026156,0.001053,-0.006693,0.004080,-0.000407,-0.001959,-0.014054,-0.016931,-0.000960,0.006679,-0.002170,0.004529,0.000286,-0.008989,-0.007230,-0.018907,0.001570,0.009894,0.003333,0.007155,0.015879,-0.013223,0.010612,-0.008418,-0.004219,0.002581,0.002654,0.007002,-0.004081,-0.014363,0.004574,0.003766,0.011695,-0.008727,0.009912,0.008365,0.019619,-0.010121,-0.008362,0.004801,-0.004161
-0.000068,0.002784,0.005121,-0.011124,-0.013284,0.031018,0.004947,0.000478,-0.002907,0.012489,0.005212,0.018396,-0.013114,-0.007224,0.017996,-0.001170,-0.011392,-0.000778,0.005418,0.009736,-0.004644,0.028288,-0.006364,-0.014533,-0.002804,0.007866,-0.007173,0.000174,0.005252,-0.004515,0.017085,0.021735,0.004038,0.004825,-0.000305,0.016228,0.009755,-0.006296,0.017675,0.017330,-0.012130,-0.003389,0.008364,0.001635,0.006688,0.001446,0.000379,0.006176,-0.000118
0.010134,-0.006753,-0.002658,0.002881,-0.011989,0.002842,0.018244,0.007500,0.003179,0.002842,-0.013603,0.004551,-0.004754,0.001513,-0.000710,-0.008608,0.009504,0.000058,-0.007115,0.010739,0.012148,-0.003202,-0.000682,0.001403,-0.013192,0.001952,0.010439,0.014183,-0.018865,-0.032192,0.003826,0.003501,0.012952,0.021040,-0.000901,-0.006649,-0.001495,-0.013550,-0.006204,0.002126,-0.011758,0.004491,0.004375,-0.011513,0.000563,-0.001150,0.023666,0.007361,-0.016845
0.003369,-0.001746,-0.003530,-0.009222,0.002925,-0.011244,0.002623,0.000954,-0.009158,-0.013711,-0.002259,-0.012559,-0.006424,-0.009923,0.000538,-0.011618,0.001265,0.007017,-0.000884,-0.008286,0.013127,0.022934,-0.004611,-0.004218,-0.001253,-0.005973,0.006367,-0.001906,-0.012721,-0.014391,0.016063,0.018809,-0.010065,-0.018557,0.001375,-0.000310,0.010445,0.012091,-0.001855,0.015335,-0.004491,0.000138,0.006912,-0.000863,0.004305,0.000017,0.007203,0.001327,0.004062
-0.003789,-0.001860,0.001523,0.002363,-0.020675,0.009877,-0.001928,-0.005293,0.003109,-0.004723,-0.004036,0.001109,-0.001988,-0.025654,-0.009493,0.001009,0.030894,-0.001792,0.001727,0.022451,-0.014667,-0.013371,0.006658,-0.008406,0.011999,-0.003233,-0.014987,0.007887,-0.000649,-0.017847,0.001419,-0.004854,-0.012345,0.004958,0.000321,-0.014825,0.000874,0.010166,-0.005291,0.014879,0.005713,-0.002006,-0.016285,0.010328,0.006815,0.003533,0.001655,-0.000803,-0.031289
-0.004719,0.008581,-0.002280,-0.010765,-0.001241,-0.016539,-0.000410,0.003552,-0.020540,-0.008603,-0.002676,0.010915,0.000713,0.001813,0.002180,-0.007294,-0.005226,0.006335,0.003305,0.005301,-0.010933,-0.001523,-0.001342,-0.003767,0.008225,-0.020899,-0.000333,-0.014615,-0.006249,0.001943,0.007257,-0.013121,0.010918,0.016085,-0.004180,0.002956,0.005529,0.009568,-0.006049,-0.013164,-0.018606,0.015416,-0.009464,0.007339,0.011827,0.008450,0.010136,-0.001514,-0.009838
-0.035106,0.007910,-0.006276,-0.003246,-0.017987,-0.011446,0.000724,-0.006837,0.011827,0.008797,-0.005006,-0.019124,0.002129,0.011499,0.002308,-0.006434,0.008947,0.000697,0.009423,-0.010353,0.014452,0.007696,0.014960,-0.003256,0.008276,-0.017159,0.005794,0.003373,-0.013592,0.000839,-0.013071,-0.014814,0.010757,0.007354,0.000161,0.006890,0.020289,-0.006843,0.018439,-0.006018,-0.013277,0.005144,0.015244,0.006228,-0.010773,-0.013371,0.000339,0.014539,0.007535
-0.008887,-0.021776,0.001120,-0.000620,0.000788,-0.006285,-0.003361,-0.003390,-0.011828,-0.001187,-0.003635,0.004988,0.004618,0.002392,0.006470,-0.014250,-0.011964,-0.016312,-0.001739,0.017653,-0.000839,0.008563,0.005090,-0.005293,-0.005408,0.002407,-0.018059,0.000962,-0.008810,-0.002591,-0.010985,-0.002623,-0.013763,-0.013446,-0.015472,0.008381,-0.005586,-0.004152,0.009601,-0.000594,-0.004564,0.001118,0.005721,0.013970,-0.013511,0.011712,0.001927,-0.003056,0.004943
0.005148,0.003762,-0.007650,-0.011909,-0.012321,0.009011,-0.005419,-0.003309,0.003991,-0.008948,-0.005533,-0.000258,0.008407,0.002470,0.002562,-0.000789,-0.009081,0.009646,-0.008277,-0.020370,-0.004806,-0.017579,-0.005905,-0.001440,0.009609,0.016989,-0.005851,0.004795,0.005392,0.007752,-0.008663,0.008403,-0.003500,0.011593,-0.009179,-0.003315,0.012361,-0.001688,-0.005472,0.000936,0.002296,-0.026192,0.000509,-0.010084,-0.012669,0.008510,-0.008303,0.010262,0.025228
0.007343,0.006849,0.005140,-0.017624,-0.013632,0.006428,-0.011509,-0.008597,-0.004028,-0.004067,0.014984,0.022288,0.011718,-0.015421,-0.000043,0.007729,-0.002904,0.000013,0.013459,0.009330,-0.009691,-0.003656,0.024134,-0.015355,0.007851,0.006385,-0.005869,-0.005970,0.008965,0.002081,0.012561,-0.001123,-0.009068,0.002157,-0.003897,-0.008621,-0.011342,0.004953,-0.008582,0.011146,-0.010664,-0.020574,0.000184,0.002072,-0.001299,-0.018084,0.013699,0.004665,0.000761
0.002167,-0.002030,-0.009321,0.001131,0.001490,0.019465,-0.010651,-0.001387,-0.017481,0.009547,0.006766,-0.002254,0.002660,-0.003845,0.012369,-0.006366,0.002563,-0.003421,-0.007605,-0.001949,-0.003827,-0.003072,0.007851,0.000902,-0.007685,-0.005140,-0.003092,-0.024650,0.000774,-0.005044,-0.010491,0.000579,0.010102,-0.000841,-0.012345,0.008912,-0.007672,0.011600,0.015249,0.016114,0.003146,0.005535,-0.009127,0.013465,-0.002782,0.033200,0.015655,0.001681,0.022882
-0.018179,-0.000782,0.031095,-0.002278,0.000600,-0.015418,0.000028,-0.007418,-0.005569,-0.004993,0.006024,-0.010733,-0.036979,-0.003283,0.009473,-0.014520,0.018093,-0.000349,-0.001932,-0.002749,0.007461,0.000750,-0.001506,-0.005383,-0.013337,-0.000929,-0.004015,-0.003452,0.001490,0.019682,0.010197,-0.009730,0.000251,0.002685,0.001564,-0.005346,0.022233,-0.004857,-0.007506,-0.004942,0.011182,0.003950,0.001766,0.006953,-0.003936,0.005065,-0.005607,-0.001386,-0.012988
-0.011084,-0.004852,-0.006507,0.006963,0.003552,0.011590,0.004094,0.004401,0.021985,0.013111,0.005649,-0.009554,0.001732,-0.008782,0.000497,0.012809,0.006425,0.008300,-0.015638,-0.014129,0.007655,-0.002546,0.017667,0.002232,-0.006554,0.003191,-0.003941,-0.009374,0.002491,0.013157,-0.001527,-0.014680,0.000167,0.000029,0.009722,0.001561,0.000856,0.014329,0.007559,0.000873,0.011858,-0.006653,0.006857,0.002636,0.005502,-0.004380,-0.003890,0.010779,0.011495
0.001174,-0.012156,0.010383,0.017066,0.004831,0.004781,0.007135,0.009151,0.000246,-0.003455,0.013519,0.007204,-0.000240,0.028264,-0.012839,-0.003125,0.002976,0.005340,0.008355,-0.018263,-0.000016,0.020821,0.006647,-0.010798,-0.007790,0.005040,0.006405,0.003252,0.023187,-0.007344,0.009035,0.012606,-0.017014,0.004273,-0.006929,-0.005263,-0.020324,-0.000863,-0.008607,0.000212,-0.006082,0.003164,-0.013890,0.003271,0.001851,0.007701,0.001172,0.001174,0.004024
-0.006362,0.014898,-0.005600,-0.009649,-0.013832,0.001323,0.005007,0.001795,0.005912,-0.010963,0.013394,0.018921,0.008446,0.016953,0.003263,-0.007242,0.006938,0.002913,-0.007617,-0.007355,0.009374,-0.001974,0.003543,-0.000564,0.016146,-0.002679,0.016445,0.007105,-0.003364,0.005821,0.011646,-0.013912,-0.001497,-0.014132,-0.018748,0.002545,0.016866,0.016254,-0.007360,-0.002593,-0.009494,0.003824,-0.005460,-0.006870,-0.002495,0.002240,0.008429,-0.005917,0.010146
-0.000027,-0.004915,0.009858,-0.003397,0.007061,-0.015111,0.002846,-0.004794,0.018115,0.008864,-0.003308,0.001321,0.003698,0.012447,-0.002349,0.005095,-0.005221,0.005916,-0.002655,0.009728,0.000587,-0.004037,-0.013891,-0.010219,0.001595,0.007061,0.005720,-0.000697,-0.006919,-0.001390,0.001912,-0.005566,0.000857,0.003113,0.007044,-0.013580,0.000691,0.010869,-0.006480,0.011686,0.017223,0.005825,-0.001757,-0.015902,-0.032495,0.004942,0.004504,-0.002420,0.011602
0.005547,-0.008314,-0.008937,-0.002603,0.007557,-0.003322,-0.014550,0.003199,0.010304,-0.006062,-0.020178,-0.003367,0.006007,0.003361,-0.006418,0.002349,0.000756,-0.001263,0.006121,0.016746,0.004862,-0.011254,-0.005246,0.001238,0.026696,-0.011834,0.012360,-0.014897,0.002384,-0.011394,0.008737,0.000919,-0.011316,-0.011551,-0.003648,0.008216,0.011320,0.002971,0.000713,-0.012912,-0.008565,0.004441,-0.006809,0.002427,-0.002814,-0.014622,0.006368,0.010186,-0.002133
0.019523,-0.004568,0.020826,-0.006406,-0.014239,0.018317,0.002198,0.000788,0.020474,0.012752,0.002582,-0.017495,0.009109,0.015653,0.001992,0.005710,-0.009632,0.001427,0.001550,0.017866,-0.014706,-0.004335,-0.003617,0.007090,0.008041,0.005463,-0.002488,-0.001705,0.005409,-0.021035,0.000145,0.000201,0.012089,-0.010899,-0.001032,-0.015466,0.002356,0.016638,-0.006140,-0.006300,0.006517,0.003978,0.001491,0.001000,0.002627,-0.004724,0.019698,-0.023335,-0.010457
0.007360,0.008084,-0.001503,0.004584,-0.016247,-0.002981,-0.017672,0.006608,-0.017378,0.004306,0.001616,0.005341,-0.009331,0.000843,0.000080,0.003317,0.002696,0.002214,-0.003857,0.001669,-0.001556,-0.011092,-0.002949,0.005581,0.014735,-0.004072,-0.003735,0.001210,-0.009303,0.006742,-0.009987,0.020084,-0.001432,-0.022997,0.000778,0.002183,0.015597,-0.004056,0.001681,0.013849,0.001454,-0.013475,-0.005042,-0.001504,-0.001882,0.016707,-0.003345,0.012783,0.001751
0.007736,0.002861,0.010628,0.006642,-0.000396,0.003937,0.004350,0.010540,0.021738,-0.001391,0.013325,-0.011371,-0.014281,-0.013573,-0.013858,0.005686,-0.001690,-0.000301,0.001623,-0.002941,-0.003798,0.019743,0.004151,0.020404,-0.001709,-0.003526,-0.006169,0.009293,0.002318,-0.003858,-0.018538,0.004978,-0.003980,0.011386,-0.005729,-0.012805,-0.000905,0.007963,-0.007636,0.006435,-0.007759,0.002236,-0.004158,-0.001018,0.003222,-0.000602,-0.000321,0.018561,0.002401
0.010940,-0.012630,0.001451,-0.003847,0.000095,-0.005503,-0.001687,-0.003172,0.004985,0.000463,-0.004733,0.007557,-0.003529,-0.023731,-0.005498,0.008423,0.009585,0.002295,-0.009071,-0.004402,-0.011572,0.003190,-0.014666,0.004531,-0.000606,0.005380,0.006574,0.013714,-0.003816,-0.016302,-0.003452,0.002851,-0.012131,-0.005126,-0.003533,-0.018219,0.003655,-0.008268,0.008840,-0.004054,0.000462,-0.015513,0.002441,-0.007590,0.003584,0.015168,-0.008009,0.008537,0.004387
0.000833,-0.014179,0.002238,-0.008470,0.012496,0.007775,-0.008214,0.011506,-0.012666,0.003204,0.004208,-0.001170,0.011869,0.006482,0.013168,-0.012106,0.010000,-0.001644,-0.003292,0.004770,0.001517,0.012392,0.009691,-0.002921,-0.005082,0.012664,0.020250,-0.019143,0.007322,0.001665,-0.000039,-0.003681,0.003833,-0.019077,-0.003924,0.004972,-0.009175,-0.003968,-0.022077,0.002950,0.012489,-0.009000,0.006722,-0.003030,-0.011510,-0.003682,-0.007614,-0.001843,-0.000474
-0.013979,-0.019351,-0.015355,0.003467,0.000659,-0.001103,-0.004639,-0.005959,0.008121,0.001192,-0.009864,0.000191,-0.019373,0.009476,0.003100,0.008669,-0.005032,0.002018,-0.002081,-0.011176,-0.013541,0.008438,0.002625,-0.001271,-0.021210,0.015561,0.004590,-0.015363,0.013401,0.000896,0.008187,0.001508,0.002964,0.004460,-0.007769,0.002614,0.003985,-0.000522,-0.020241,-0.000415,0.006249,0.000867,-0.003935,0.001320,0.002209,0.003682,0.000408,-0.015140,-0.010263
0.001042,0.010789,0.004379,0.000462,-0.000187,-0.001379,0.002885,-0.001977,-0.001832,0.004074,0.005601,0.004632,-0.014714,-0.001033,0.005268,0.019032,-0.010227,-0.002365,0.002815,0.002331,0.003797,0.000941,0.003677,-0.003906,-0.002415,0.010963,-0.002390,0.009659,-0.000518,0.009147,-0.009891,0.004683,0.000671,-0.001804,0.015407,-0.011841,-0.003182,-0.009150,0.005639,0.007303,-0.012045,-0.011960,-0.017860,-0.009050,-0.011898,-0.009486,-0.000324,0.005174,-0.005080
0.005529,0.007284,0.001276,-0.012767,0.004142,-0.005169,0.003556,-0.005101,0.002094,-0.012021,-0.000243,0.004971,0.005187,-0.011149,0.003440,-0.006541,-0.009571,0.017566,0.008734,0.007679,-0.009672,0.007858,-0.011789,-0.002199,0.013420,-0.011921,0.003211,-0.011700,-0.005889,0.002777,-0.003367,0.006008,0.010663,0.012235,-0.007052,-0.006110,0.002152,-0.005606,0.004869,0.008396,0.001028,0.009192,-0.006544,0.004320,0.005541,-0.007632,0.001509,0.014485,-0.001530
0.003375,-0.003536,-0.001283,0.008353,-0.012594,0.000037,0.010225,-0.004603,-0.001854,-0.000534,-0.002290,-0.014527,-0.013032,0.012441,0.017923,-0.007158,0.009378,-0.007784,0.003550,0.000136,0.007204,0.014682,0.019666,-0.001673,-0.006167,-0.004532,0.010880,0.000115,-0.011511,-0.004700,0.005693,-0.006782,-0.006390,-0.014274,-0.006152,0.012226,0.003368,-0.007607,0.021897,0.000952,-0.023942,0.015797,-0.003565,-0.006653,-0.020386,0.002220,0.006248,-0.013482,-0.003464
0.005868,-0.011351,-0.001129,-0.009446,-0.008864,0.010375,0.005736,0.009095,-0.021763,0.012767,0.002185,-0.023400,-0.009709,0.000129,-0.018617,-0.007982,0.016747,-0.000507,-0.002749,0.002482,0.007718,-0.015119,0.007200,0.021116,0.007635,0.007499,-0.017596,0.021360,0.012844,0.000639,-0.007302,0.008668,-0.010461,-0.004971,0.004559,0.005322,-0.012859,-0.004349,-0.001967,-0.000464,-0.000343,-0.002657,0.011278,-0.020230,-0.015732,-0.003873,0.016997,-0.008137,0.004834
-0.013603,-0.006183,-0.009592,0.000800,0.015110,-0.001878,0.005836,0.010811,-0.010393,-0.017222,0.001201,-0.008421,0.009726,0.012196,-0.007034,-0.014896,0.004474,0.001167,0.002965,-0.003225,0.002488,-0.002562,0.000619,0.021069,0.003529,-0.000126,0.001792,0.008799,-0.007224,-0.001514,-0.022135,-0.001480,-0.004988,-0.002458,0.020673,-0.016151,-0.002874,0.011455,-0.004319,0.019939,0.022525,0.000200,-0.012766,-0.018030,0.011248,0.018740,0.013607,0.002211,0.006619
-0.000116,-0.012882,0.003126,-0.016927,0.007405,-0.012256,0.001104,-0.000314,-0.006797,-0.006793,0.000082,0.006654,0.019134,-0.007108,0.005056,-0.000247,0.003995,0.006186,0.001988,-0.007758,0.016484,-0.011399,0.010373,-0.002665,-0.014621,0.000508,0.004813,0.015855,0.000349,0.001900,-0.010636,-0.018850,-0.002466,0.013287,-0.005255,-0.018301,-0.000505,-0.012510,0.010939,0.008398,-0.006561,-0.008762,-0.001084,-0.022374,0.009699,0.014919,-0.001515,0.000316,0.006201
-0.001000,0.010672,0.000290,0.000345,-0.007469,-0.001646,0.004198,0.006132,-0.001735,0.001298,0.000243,0.001729,-0.014205,0.005930,-0.007905,-0.004009,-0.008936,0.003693,-0.000209,0.005995,-0.009699,-0.000841,0.008149,0.003125,0.022974,-0.001779,0.001663,0.006268,0.004627,-0.003653,-0.007966,-0.008194,-0.012026,0.011657,0.018664,-0.015080,0.013003,0.001287,-0.009893,0.010779,0.003987,0.009025,-0.001761,0.010818,0.004750,-0.002403,-0.018062,-0.004153,0.012353
-0.001859,-0.002324,-0.022050,-0.006022,-0.004487,0.003418,0.011138,-0.019270,0.012940,-0.017519,-0.001559,-0.006117,-0.007015,-0.004294,-0.015464,-0.011286,0.004007,0.017212,-0.003561,-0.001676,-0.001201,-0.003627,-0.007882,-0.006061,0.018267,0.013155,-0.002107,-0.002203,0.002587,-0.003966,-0.017454,0.009339,-0.001284,-0.013683,-0.006391,-0.000752,-0.017347,-0.005303,0.006844,-0.000867,0.005685,0.002273,-0.016884,-0.010695,0.017457,0.006128,-0.003826,0.005320,0.000616
0.001213,-0.003356,-0.005191,0.013754,0.002456,0.009232,0.001488,0.019391,-0.017136,0.010998,0.018242,-0.026111,0.004684,-0.004850,-0.010946,-0.001712,0.000029,-0.012977,0.010587,-0.005393,-0.013310,-0.018069,0.000948,0.005288,-0.001663,-0.005372,0.007258,-0.009963,0.012785,-0.011516,-0.011930,-0.016676,-0.008785,-0.004960,-0.000459,0.018055,0.001128,-0.005930,-0.013722,-0.010568,0.006844,0.010771,-0.001769,0.006129,-0.010157,0.021474,-0.005681,-0.007327,-0.007876
-0.002986,0.004100,0.002000,-0.009314,-0.011941,0.011687,0.003004,0.010004,0.008196,-0.013806,-0.001761,-0.003751,0.023395,0.002723,-0.013902,0.002720,0.008471,0.012683,0.007936,0.011161,-0.008432,-0.011273,-0.004011,-0.005556,-0.007709,0.003974,0.006412,-0.004321,0.005786,-0.010239,0.008208,0.000667,0.018166,-0.014172,0.004972,0.000718,0.012784,0.010300,-0.000337,-0.002965,0.002107,0.002434,0.015300,0.003060,-0.015168,-0.003004,0.013241,-0.008323,-0.005166
-0.003448,-0.002076,0.011645,-0.012985,-0.008559,0.013744,-0.005022,-0.003584,-0.023358,0.003880,0.021596,-0.013713,0.010789,0.014960,0.013114,-0.007326,-0.014703,-0.008151,-0.016588,-0.010299,-0.011282,-0.005567,0.015735,-0.003856,-0.012591,-0.007222,-0.023769,-0.008801,0.004147,0.008689,-0.014304,-0.010419,0.011449,0.027567,0.002858,0.009608,0.010219,0.001868,-0.015118,-0.001738,-0.004206,0.008176,0.025506,0.004555,-0.000475,-0.013980,-0.010363,0.004330,0.001974
-0.007197,0.005067,-0.000058,-0.008897,0.010755,-0.001206,0.006057,0.001078,0.008612,-0.005029,-0.000432,-0.003535,0.002163,0.007783,0.006156,0.000171,0.002182,0.004767,-0.000303,0.001921,-0.004247,-0.000306,0.004222,0.008523,-0.005517,0.017407,-0.006011,0.004229,-0.006148,0.006148,0.002926,0.016105,-0.002376,-0.003188,0.011833,-0.007399,-0.000578,-0.004404,-0.008743,-0.002035,-0.010628,-0.011282,-0.003044,0.016525,-0.021782,-0.035325,-0.001688,0.010043,0.007554
0.001299,-0.002329,-0.007648,-0.001624,0.001598,-0.000227,-0.000909,-0.012019,-0.003501,-0.008241,-0.016401,0.008864,0.005986,-0.002098,-0.020995,-0.001893,-0.020174,0.004829,-0.005851,-0.006833,0.012560,-0.000447,0.011468,-0.006060,-0.006726,-0.018315,0.005129,0.018900,-0.007481,0.002650,0.013572,-0.005922,0.000596,0.002954,-0.006305,-0.001750,0.005941,0.007267,0.010742,0.000894,-0.010283,-0.009409,-0.003537,-0.012647,-0.008347,0.000559,0.010582,-0.010933,0.009631
0.006736,-0.025591,0.000067,-0.015388,0.002482,-0.006712,-0.020093,-0.011364,-0.009154,0.008017,0.004009,-0.011229,-0.003656,0.002902,0.010356,-0.017154,0.005912,0.009329,-0.008391,0.011193,0.025415,-0.007639,0.002008,-0.005128,0.005325,0.004414,0.003643,-0.013567,-0.009167,-0.012205,-0.000113,0.001360,0.006693,0.011767,-0.000208,-0.005028,0.007569,-0.006119,-0.008291,0.001890,0.006971,0.007078,-0.019083,-0.005547,0.017172,-0.004332,0.003107,-0.015682,-0.008821
-0.003805,0.000115,-0.003835,0.004596,0.016012,-0.015321,0.004160,0.017492,0.008430,-0.026630,-0.014831,0.002430,0.006768,-0.005365,-0.001843,0.013896,0.002046,0.002779,-0.007514,-0.006079,0.011394,-0.019735,-0.015002,0.004284,-0.013595,-0.003040,0.000872,-0.005894,-0.009078,-0.025052,-0.000674,-0.010469,0.000856,0.014143,0.003381,-0.007061,-0.005943,0.004542,0.016631,-0.008687,-0.000716,0.009988,0.001282,-0.005526,-0.021295,-0.001100,-0.006330,-0.000498,0.013786
-0.014557,-0.010054,-0.012950,0.003808,-0.006313,0.001051,0.006995,0.001142,-0.001599,0.003465,0.016581,-0.001122,-0.001001,0.005922,-0.010338,-0.009178,0.010130,0.001620,0.000767,0.003164,0.014407,-0.001030,-0.003150,-0.009920,0.007317,-0.008762,0.002264,0.002157,0.006115,-0.004795,-0.018235,-0.010234,-0.002413,-0.021519,0.008618,0.000762,0.011179,-0.003650,0.013156,0.008314,-0.001818,0.009661,-0.004691,-0.005885,-0.012537,-0.011196,-0.014266,0.018062,0.003788
0.011172,0.014528,0.013988,0.016149,0.018314,-0.007708,-0.001046,-0.009011,0.005236,0.004030,0.020558,-0.011599,-0.001915,-0.002095,0.011605,0.006306,-0.012511,-0.004511,0.011170,0.009002,-0.005802,-0.003003,0.001538,-0.004001,0.015675,0.008968,-0.002589,-0.004188,0.011714,0.001202,-0.012367,0.002662,0.013000,-0.001103,0.010529,-0.007774,-0.002435,-0.006853,0.001778,0.004215,-0.006141,-0.009797,-0.004845,0.000177,-0.006946,-0.004646,-0.010646,0.006740,-0.012031
-0.004182,0.006947,-0.020696,-0.006569,-0.005957,-0.008964,0.012049,-0.006905,0.006688,0.008777,-0.005045,-0.012454,-0.021774,-0.010794,-0.015917,-0.013039,-0.003105,-0.010455,-0.009085,-0.004819,-0.001705,-0.000076,0.016184,0.012500,-0.007685,-0.010237,0.007278,0.004785,-0.001741,0.004680,0.005257,-0.011075,0.004389,-0.014535,-0.018793,-0.005722,-0.007142,-0.010140,0.000349,-0.008082,-0.014432,0.001745,0.002937,0.003060,-0.006834,0.001825,0.007036,-0.009210,-0.000357
-0.004525,0.006226,-0.003329,0.007108,0.006689,0.010370,0.000863,0.004151,0.015761,-0.003754,0.001743,0.010014,0.006166,0.007329,0.005156,-0.010402,-0.000147,-0.004336,-0.013631,0.004739,-0.003440,-0.001392,-0.006354,0.008703,0.002764,0.007895,0.014568,-0.005696,0.008216,-0.000050,-0.010312,-0.015215,0.003809,-0.017076,-0.006320,0.003098,-0.016312,0.007841,0.008722,0.001740,0.007871,-0.008016,-0.014446,0.015081,-0.011455,-0.004725,-0.006384,0.023189,0.004677
-0.004558,-0.012065,0.019343,0.001769,-0.012815,-0.000277,0.015716,-0.009369,0.005789,0.005455,0.003020,-0.005902,0.019718,0.017639,0.001554,0.001607,-0.010780,-0.009172,-0.020425,-0.014531,0.009343,0.010541,0.009592,-0.011398,-0.001673,-0.007455,-0.003352,-0.004297,0.005044,0.006649,-0.013516,0.008741,0.023288,0.014692,0.006942,0.005282,-0.002955,-0.002813,0.012063,-0.003415,-0.006333,-0.005969,-0.014552,-0.016819,-0.012518,0.009588,0.012669,-0.006364,0.005215
0.005696,0.000878,-0.018517,0.012591,-0.001836,-0.005267,-0.009129,-0.005069,-0.014397,0.016950,0.001146,0.011371,0.009408,0.014727,0.004799,-0.012729,-0.007230,-0.009576,0.011008,-0.000966,0.005898,-0.008448,-0.011075,-0.005789,0.001092,0.002811,-0.004275,0.001629,-0.002256,0.004590,0.003906,-0.011551,0.033510,0.002491,0.011604,-0.002692,0.003418,-0.003109,0.013126,-0.007189,-0.016540,-0.010517,-0.016997,-0.008062,0.002066,-0.014910,0.002337,0.003487,-0.009254
-0.001200,0.007592,-0.011759,0.008406,0.014176,0.007275,-0.009925,0.004235,0.027954,0.017518,0.004054,-0.005936,-0.017283,0.002881,-0.004719,-0.002865,-0.001722,0.013702,0.017329,-0.007155,0.011117,-0.006203,-0.004304,0.002442,0.010766,-0.002066,0.004224,0.009208,-0.001397,-0.021629,0.002201,-0.002922,-0.015339,-0.018362,0.007459,-0.011914,0.014120,-0.008447,0.007788,0.003362,-0.015720,0.009536,0.004983,-0.014930,0.024860,0.003629,0.012377,0.004295,0.007843
-0.009457,0.001022,0.001634,-0.004990,-0.000090,0.009223,0.015570,0.004300,0.022239,-0.003062,-0.004978,0.010114,-0.022079,0.010610,0.003876,0.009948,0.002090,0.012340,0.019770,0.002451,-0.015464,0.006132,0.014544,0.020099,-0.002084,0.004842,-0.002855,-0.023182,0.015477,-0.003563,0.008263,0.001972,-0.002117,0.001524,0.024463,-0.010244,0.005681,-0.015102,0.000716,-0.017500,0.001786,0.016287,-0.001428,0.022278,-0.014797,0.001356,0.011038,-0.001336,0.005091
0.019760,-0.008809,-0.016269,-0.013863,-0.007818,-0.016483,0.013835,-0.001662,-0.000888,0.025507,0.018923,-0.009332,0.009987,-0.005476,0.002507,-0.005103,-0.004363,0.000036,0.003142,-0.010794,0.012264,0.000586,0.014809,-0.001454,-0.005072,0.014058,0.008308,-0.011545,-0.006620,0.004065,-0.012242,0.002486,0.004308,0.011093,0.013186,-0.009819,-0.008030,-0.008412,0.011866,-0.005957,-0.008359,0.023855,0.000121,0.007329,-0.009054,0.002561,0.004090,0.004596,0.003236
0.001140,-0.003259,0.012489,0.002646,0.003821,-0.000469,0.012636,-0.013397,0.001217,-0.025999,-0.016423,-0.011718,-0.009118,-0.008649,-0.003481,-0.008606,-0.000424,-0.013369,0.006156,0.009473,-0.011536,-0.001026,0.014219,0.002790,-0.003849,0.010981,-0.006783,0.013835,0.001543,0.007044,-0.006691,0.013691,0.002237,0.000816,-0.003219,0.006077,-0.001177,0.009258,0.015271,-0.001007,-0.000829,0.011838,-0.008363,0.001189,0.007784,0.001020,0.001480,0.006168,-0.000455
-0.004241,0.010055,-0.000791,-0.013644,0.006147,0.002713,0.026176,0.019026,0.000174,-0.004711,0.009278,0.005443,0.000773,-0.014019,-0.002582,-0.002461,-0.012332,0.001818,-0.005855,-0.020800,-0.010699,-0.016724,0.002296,0.011573,0.004996,-0.024102,-0.005258,-0.002626,-0.002063,-0.003699,0.012450,-0.001233,0.003515,0.006724,0.011737,0.015770,-0.001239,-0.014890,-0.008576,-0.012077,0.011340,0.004082,0.010247,-0.011488,0.010311,0.019599,-0.004089,0.026660,-0.006674
-0.002989,0.002032,0.009610,-0.010819,-0.001696,0.004082,0.004082,0.001185,-0.008904,-0.010244,-0.008172,0.005574,-0.014041,-0.001489,0.002153,0.001425,0.002648,0.011568,0.001584,0.008480,0.010218,-0.002054,-0.002155,-0.011048,0.000155,-0.004131,0.016674,-0.003171,-0.001758,0.012241,0.001552,0.013900,-0.004861,0.002035,-0.006619,-0.003614,-0.006738,0.006932,-0.016182,-0.002869,0.002558,0.005776,-0.011213,-0.010758,-0.003160,-0.001303,0.010700,0.003871,-0.019821
0.008949,0.003017,-0.001460,0.010306,0.007010,0.017289,-0.012264,0.003948,0.004501,-0.023418,-0.004195,0.014447,-0.016870,-0.002198,-0.008039,-0.008533,-0.014589,-0.008546,0.005457,0.001826,0.010720,0.002271,0.002269,-0.000230,-0.003987,0.009212,0.015345,0.001447,-0.019701,-0.001864,0.000149,0.002997,0.008036,0.004952,-0.021849,-0.000728,0.000467,-0.001806,0.015786,0.005373,0.006230,0.006806,0.006903,-0.010055,0.016722,0.004114,0.010391,0.013039,-0.004472
-0.005824,0.003064,-0.012014,0.010955,0.004311,-0.001120,-0.005418,0.007599,0.003064,-0.014445,0.004509,0.012083,0.013431,0.011806,0.008796,0.000782,-0.007061,-0.003361,0.023170,0.009922,-0.007260,-0.003981,-0.001720,0.005790,0.018942,-0.008417,0.009408,0.009440,0.005258,0.001715,0.000037,-0.012296,-0.010793,0.006474,0.008051,-0.006740,-0.009501,0.002066,0.000869,0.003454,0.001840,0.000833,-0.003883,-0.010871,-0.003099,-0.017752,-0.000037,0.006860,0.007249
-0.001849,0.007004,0.006621,0.005419,0.025642,0.013311,0.013089,-0.004420,-0.006124,0.015474,0.008627,0.001881,0.013533,-0.003800,-0.017470,0.010350,0.012322,0.001371,-0.013628,-0.005569,0.013415,0.004236,0.017024,-0.015564,0.006842,-0.002925,0.016065,-0.008860,0.008989,0.010794,0.013719,0.018337,0.008785,-0.016481,0.019694,0.002668,0.000027,-0.002825,0.014165,0.000387,-0.003704,0.005507,-0.002686,0.013812,-0.014630,-0.011704,-0.013684,0.003112,-0.002163
-0.007826,0.003296,-0.005770,0.006391,-0.013663,0.005570,-0.006070,0.016204,-0.012078,0.003099,0.013160,-0.001881,-0.022266,0.005543,0.002909,0.012608,0.004389,0.002804,-0.012281,-0.015870,-0.003890,-0.006882,-0.001283,0.015252,0.002965,-0.002765,-0.000026,0.021436,-0.022600,0.010487,-0.024864,-0.006872,0.012142,0.012478,0.006992,0.000462,-0.004909,-0.001133,-0.001549,0.002423,-0.011279,-0.002183,0.005557,0.009843,0.011128,0.010525,0.003319,0.004608,-0.013058
-0.005069,0.011244,-0.007108,-0.007452,0.002108,0.000387,0.001589,-0.006356,-0.013659,0.021290,-0.015823,0.000158,-0.006218,0.013409,-0.006033,-0.000758,0.013185,0.018963,0.028488,0.013003,-0.005199,-0.012047,-0.019182,-0.011333,0.010992,-0.018727,-0.001644,0.002114,0.009852,0.008737,0.000193,-0.004042,0.004280,0.002982,0.002510,-0.005032,-0.005403,-0.015715,-0.005547,-0.009471,0.000730,0.013773,-0.008946,-0.003860,0.005761,0.007496,0.008731,0.013811,-0.005349
0.002873,0.017482,0.007237,-0.012337,-0.009385,-0.017063,0.001221,0.000820,-0.027167,-0.007665,-0.006340,-0.029961,0.008613,0.012951,0.010015,-0.016374,0.000650,0.002022,-0.002691,0.008124,-0.010691,0.004663,-0.010767,0.001928,0.011952,-0.004968,-0.019248,0.003483,-0.003639,-0.013486,-0.000725,0.003258,0.017413,0.010467,-0.005235,0.007059,0.004721,0.013609,-0.004046,0.003593,0.000551,-0.012068,0.005554,0.004984,-0.007945,-0.007585,0.002748,0.012346,0.019953
-0.013712,0.018541,0.002410,0.034994,0.007555,-0.024708,0.015036,0.000458,0.011843,0.008197,0.010845,0.024225,-0.013979,0.019795,0.002251,-0.000152,-0.001699,-0.000451,-0.007860,0.028953,-0.007991,-0.004432,-0.014972,0.002776,0.002848,-0.005354,-0.011216,0.000965,0.014117,-0.001259,0.009209,-0.003260,0.005891,0.011389,-0.008134,0.002135,-0.011168,-0.004371,0.010259,-0.002283,-0.008412,-0.003463,0.014096,-0.008281,-0.022735,-0.014057,-0.019880,-0.005354,-0.005813
0.005816,0.003035,0.013349,0.001679,-0.016885,-0.005743,0.007808,-0.007741,0.014352,-0.001639,-0.015153,-0.011902,0.001642,-0.004754,0.014592,0.008272,-0.006575,0.000568,-0.011519,-0.009011,-0.015119,-0.004560,0.010535,0.006230,-0.002942,0.006908,-0.005746,0.006514,0.011923,-0.002317,0.002207,0.012127,-0.011610,0.004070,-0.018339,0.001105,-0.006275,-0.012763,0.002294,-0.000310,-0.003748,-0.010068,-0.000499,-0.017258,0.000749,0.004397,0.008174,0.003872,-0.007921
0.007226,0.016748,-0.006275,-0.004139,-0.018956,0.000612,0.008693,-0.000907,0.003667,0.005712,-0.013138,0.001566,-0.004660,0.007298,-0.014630,0.001995,0.003497,0.017969,-0.009429,0.008196,-0.017321,-0.009650,-0.001388,-0.002734,-0.001631,0.005284,0.000489,0.004270,0.005002,-0.011200,0.000923,0.001810,0.008979,0.003768,-0.010664,-0.021131,-0.002892,-0.011639,-0.002604,-0.003049,0.009244,-0.001174,0.004340,-0.007092,0.001212,0.000939,0.005995,0.028484,-0.007372
0.010585,-0.002356,0.001581,-0.004643,0.003818,0.008377,-0.010043,-0.007384,0.025496,0.012361,-0.017516,-0.012137,-0.008627,-0.014352,0.003622,-0.018745,0.001460,0.016279,0.000162,0.006912,-0.004248,0.002105,-0.003912,-0.004567,-0.008903,-0.001809,-0.002143,-0.000822,-0.000938,0.008379,-0.005976,-0.007704,-0.008672,0.008698,0.012336,0.003747,-0.012208,0.005313,-0.002916,-0.001317,0.004391,0.006292,0.012938,0.001868,-0.015310,-0.022135,0.002088,-0.003776,-0.013593
0.014195,0.002251,0.020786,-0.007946,-0.001685,-0.003162,0.008635,0.000629,-0.001063,0.020226,-0.000157,0.007765,0.005428,-0.008295,-0.001553,-0.011639,0.003631,0.012466,0.013629,-0.000334,-0.000714,0.002490,0.001874,0.014360,-0.011281,0.012801,0.005422,0.005938,-0.021569,-0.007070,0.021338,0.010293,0.004444,0.017137,-0.001640,-0.010592,-0.008752,0.001216,0.007919,-0.016994,-0.001075,0.007033,-0.002930,-0.010675,-0.005142,-0.015230,0.000222,-0.004491,0.002801
-0.001049,-0.016919,0.020624,-0.014210,0.002240,0.012696,0.001937,0.005597,-0.008276,-0.001549,0.012196,-0.002886,-0.000026,0.021967,0.015947,-0.002452,0.005070,0.002518,-0.008067,-0.006179,0.005441,0.011512,-0.015686,0.003871,0.005996,-0.007535,-0.009136,-0.000848,-0.012069,-0.024595,-0.008870,0.002894,-0.009088,0.020767,0.004034,-0.018736,0.005310,-0.009044,0.001075,0.000395,-0.012249,-0.003158,-0.000553,0.000015,-0.013139,0.001373,0.006460,-0.013382,-0.018071
0.006464,0.005543,0.017165,0.015151,0.006741,0.003466,0.004401,0.002388,0.009235,0.001398,-0.000570,-0.024590,-0.004162,-0.005354,0.006938,-0.007948,-0.000935,0.007165,-0.000298,-0.002586,-0.010198,-0.016000,-0.006486,0.001953,0.014308,-0.000554,0.004130,0.004221,-0.008250,-0.004467,-0.005366,-0.006361,-0.010973,0.004818,-0.012092,0.008301,-0.001089,-0.008788,0.005947,-0.011434,0.007991,-0.005269,0.009727,0.006797,0.001249,-0.013053,0.013514,0.007328,-0.011482
0.005617,-0.004293,0.017123,-0.009190,-0.005196,0.003054,-0.002524,-0.003972,-0.010524,0.009488,-0.000836,-0.012566,0.017634,-0.003539,-0.012706,0.002787,0.014362,-0.016240,-0.003636,0.005552,-0.012528,-0.006667,-0.005811,-0.002454,0.003398,0.007094,0.018646,0.010669,0.002662,0.012396,-0.018938,0.011739,0.007658,-0.008607,-0.001687,-0.016650,-0.009811,0.011401,0.017104,-0.008763,0.004226,0.015826,-0.018333,0.008287,-0.003080,0.009064,-0.001240,0.004724,-0.001441
0.001208,-0.004214,0.020713,-0.001737,0.010371,0.003469,-0.006255,0.015537,-0.002031,0.003879,-0.002767,0.002337,-0.015361,0.018369,0.006886,-0.016312,0.001098,-0.022992,0.007683,-0.001485,0.004340,0.000131,0.016684,0.013059,0.008038,0.003948,-0.007513,-0.011798,-0.007385,0.003154,0.003984,0.002458,0.001043,0.017644,0.002439,-0.016034,0.003651,0.003721,0.017533,0.015263,-0.000660,0.003001,0.021567,-0.003291,-0.000287,0.002758,-0.020041,-0.009389,0.009707
0.007506,-0.000648,0.005430,0.014451,0.004146,-0.005393,0.010845,0.006942,0.012573,-0.013623,0.000985,0.024276,0.000880,-0.023748,-0.002561,0.001438,0.004177,0.000533,-0.013680,0.007281,0.013241,-0.007746,-0.010186,0.022995,0.009750,-0.010600,-0.009644,-0.014456,-0.003604,0.008254,-0.009082,0.003044,-0.008079,-0.012110,-0.007296,-0.011575,-0.000899,0.012863,0.006698,0.005340,-0.006021,-0.014916,-0.008831,0.006244,-0.001737,0.012224,0.004423,0.015220,-0.005485
0.000044,0.006171,-0.009468,-0.004797,-0.008841,-0.017646,0.009957,0.010172,0.008765,0.014849,-0.017756,0.006404,0.000332,-0.004593,-0.010960,0.014582,-0.001232,-0.009565,0.003346,-0.015145,-0.008434,-0.000828,0.003208,0.012666,-0.001918,-0.028320,0.002310,0.005392,-0.006987,0.013170,-0.000116,0.005551,0.011735,0.008456,-0.003765,-0.012397,-0.002451,-0.010450,-0.004277,0.005256,-0.016079,0.001825,0.002978,-0.013813,0.010824,-0.017722,0.000922,-0.003326,0.019149
0.002274,0.004307,0.013133,-0.005286,0.005553,-0.006528,0.004738,-0.007489,0.004809,0.002724,-0.006048,-0.001346,-0.016506,0.003663,0.016283,0.003986,0.016712,0.000056,-0.001732,-0.020181,-0.013897,-0.002372,0.001344,-0.008741,-0.005831,-0.015758,0.005009,-0.003156,-0.012877,0.009419,0.006994,0.005748,0.001920,0.001818,-0.006625,-0.004083,-0.001946,0.013152,0.007227,-0.015612,0.010772,0.025938,0.003808,0.015159,-0.010780,-0.001230,-0.008617,-0.003700,-0.013546
-0.009004,-0.003455,-0.012486,0.005107,-0.008839,0.003143,-0.002322,-0.003402,0.009062,0.010731,-0.014223,0.004561,0.002135,-0.022712,-0.006177,0.009030,0.017032,-0.004447,-0.000629,0.018338,-0.008812,-0.004255,-0.004697,-0.000964,-0.002207,0.001772,-0.008092,0.000836,-0.010412,-0.017590,0.011944,-0.001642,-0.012671,0.007236,-0.005558,0.006024,-0.003101,0.007523,-0.014296,-0.009716,0.006143,0.003786,-0.013885,0.000568,0.012353,-0.003560,0.010250,-0.005020,0.016111
0.016136,0.010177,-0.012288,-0.013015,-0.021381,-0.011523,-0.012904,-0.008306,-0.016333,0.000160,-0.010760,0.000164,0.000068,-0.005419,-0.019963,-0.001845,0.004166,0.010186,0.003922,-0.005559,-0.002670,0.004674,-0.017898,0.007794,-0.013938,0.001539,-0.001766,-0.013128,0.003037,-0.023099,0.000985,0.003591,-0.015608,0.012425,-0.022299,-0.005597,0.013915,0.010048,-0.000183,0.008868,0.001399,0.015723,0.003512,-0.004847,-0.002259,-0.003385,-0.001623,0.003378,-0.011373
0.011568,-0.025207,0.016520,0.014795,0.014480,0.001401,-0.003407,-0.005098,0.012935,0.008879,0.014935,0.003519,-0.011431,-0.013198,-0.010832,0.009579,-0.001214,0.000642,-0.009666,0.004402,0.003968,0.000751,0.016855,0.005012,0.004697,0.016171,-0.000244,-0.002788,-0.005698,-0.005718,0.002086,-0.017566,0.008029,-0.008312,-0.002904,-0.005444,0.000192,-0.011963,0.006744,-0.016679,0.021817,0.015748,0.017312,-0.000686,-0.004265,-0.002450,0.010156,0.009352,0.001827
-0.010828,-0.006915,0.012815,-0.000975,0.008535,-0.015513,0.005113,-0.005273,0.026795,-0.023729,0.007045,0.002310,-0.001642,-0.024359,0.017039,-0.009741,0.006678,-0.012376,0.011259,-0.008814,0.006677,0.004860,-0.000755,-0.002364,0.000730,-0.003522,-0.002321,0.002228,0.008084,0.000426,0.007246,0.006446,-0.004563,0.008765,-0.001867,-0.000188,-0.001388,0.000858,0.014564,0.000557,-0.002237,0.000514,-0.002750,0.007736,0.006217,-0.002530,0.018391,-0.005658,0.011619
0.004449,0.016395,0.010681,-0.001897,-0.006308,0.006159,-0.000275,-0.005329,-0.011918,0.001909,0.009038,0.004370,0.008737,0.017596,-0.002483,0.021989,-0.013511,-0.004439,-0.011473,0.004835,-0.005267,-0.008397,0.001946,-0.002658,-0.020197,-0.000605,-0.000736,0.023338,-0.004155,-0.000372,-0.001337,0.019837,0.010219,-0.006813,-0.010143,0.011114,0.023007,0.008835,-0.012691,0.007630,-0.002416,-0.000976,0.003992,0.011712,0.006645,0.020290,-0.010500,0.002232,0.011739
0.002723,-0.000705,0.016876,-0.005371,-0.008155,-0.007986,-0.021609,-0.007464,-0.005076,-0.007292,0.002543,-0.000532,0.003079,0.004086,0.006135,-0.006273,0.001093,0.000717,0.003963,0.007283,0.006361,0.005463,-0.015195,0.006701,0.016449,0.030630,-0.025637,0.007127,-0.016445,-0.011813,-0.007845,0.001415,0.004265,-0.016844,-0.014395,-0.001308,-0.002602,0.006246,0.012368,-0.013489,0.002051,0.007673,0.009460,0.008620,0.011932,-0.014346,-0.004452,0.006003,-0.014362
0.003037,0.010211,-0.001295,0.005978,-0.011053,-0.019314,-0.003476,0.021109,-0.005747,0.005472,-0.004385,-0.004291,-0.003227,0.004332,0.006707,0.013697,-0.002509,0.004714,0.008296,0.011754,-0.000593,-0.008994,0.004506,-0.007258,0.005325,-0.004475,-0.004244,-0.001024,-0.006711,0.011609,0.009249,-0.012068,-0.006086,0.007407,-0.007997,-0.012940,0.007984,-0.021064,0.005845,-0.001135,-0.008501,0.000920,-0.012273,-0.008453,0.009640,0.003544,0.002267,0.004925,-0.015129
0.010593,0.018212,0.001126,-0.006277,0.020014,-0.015251,-0.030603,0.001277,-0.010144,-0.008074,-0.014464,0.005145,-0.001967,0.013045,0.012871,-0.002758,-0.002102,0.001738,0.002071,-0.009708,-0.008290,0.000124,0.014527,0.002698,-0.007300,0.003787,-0.015961,0.004033,-0.001510,0.015661,0.002349,-0.016415,0.013906,0.007573,-0.002366,0.000343,-0.015201,0.002428,-0.006884,0.002674,-0.011616,0.004639,-0.011393,0.009500,0.000695,-0.007497,-0.005351,-0.023488,-0.006279
0.010514,0.003495,0.002375,-0.008819,0.001776,0.017619,0.005560,0.011166,0.001919,0.008011,0.004628,-0.002532,0.008500,0.012861,0.023196,0.010864,0.003727,-0.011416,0.004410,-0.001161,-0.002673,0.015464,0.005686,-0.008047,0.004719,-0.005617,-0.009140,0.006688,0.010070,-0.000298,-0.001460,0.008928,-0.019124,0.002304,-0.000715,0.008936,-0.009446,-0.007348,0.003380,0.005304,0.008158,0.007166,0.017781,-0.004042,-0.012583,0.015703,0.003281,-0.017175,-0.012778
0.018014,0.006068,0.005000,-0.001381,0.000962,0.000147,-0.009713,-0.005033,0.006111,-0.001094,-0.004449,-0.016861,-0.007307,0.007864,0.002331,-0.005281,0.001993,-0.004850,-0.006911,0.017927,0.011109,-0.011536,0.007026,-0.005079,0.003112,0.000193,0.000865,0.004323,0.012291,0.015651,0.002254,0.011035,0.008251,-0.021430,0.000319,0.004726,-0.000008,0.013997,-0.013121,0.007894,-0.014560,0.011764,-0.013669,-0.001628,0.012922,-0.013218,0.005459,0.007886,-0.009006
0.013093,0.007997,0.008404,-0.002575,0.001604,-0.002800,0.014278,0.020071,0.004916,-0.003513,-0.012098,-0.003062,-0.020187,0.013667,0.003151,0.016518,-0.015809,0.002401,0.004040,-0.002544,-0.010563,0.001175,0.019569,0.003570,-0.005119,0.002410,-0.003613,0.014823,-0.002484,-0.008052,-0.003079,-0.000940,-0.007512,0.000530,0.001593,0.010897,-0.000964,0.006908,0.019885,0.005592,0.003568,-0.007485,0.008671,0.014191,0.020008,-0.019992,0.010456,-0.008786,0.001035
0.000340,-0.002516,0.012182,0.009332,-0.006246,0.010590,0.005945,-0.003935,0.011674,-0.004806,0.012161,0.009982,-0.021407,-0.005531,-0.006856,0.000826,-0.014557,0.008131,-0.017638,-0.004554,-0.027611,-0.004054,0.003185,-0.009534,-0.002914,-0.010867,0.009461,0.005573,0.013004,0.001038,-0.001760,-0.012778,-0.001955,-0.008883,-0.000862,-0.006224,0.013625,0.004430,-0.006717,-0.014883,0.002986,0.002880,0.008304,0.009402,0.006718,0.008542,-0.007384,-0.016867,-0.009858
0.000746,0.009707,0.000366,-0.012865,-0.010322,-0.005601,0.000858,0.000922,-0.003810,0.004617,0.001195,0.005395,0.005542,0.013101,-0.010318,-0.005614,-0.022913,-0.016624,-0.003710,0.003054,-0.004011,0.009990,-0.010990,0.011147,-0.013326,0.003846,0.023561,0.004216,0.003845,0.012567,0.002209,-0.003809,-0.009227,-0.013953,0.012855,0.001579,0.005718,0.001627,-0.007436,0.001903,0.007180,-0.002892,-0.002253,-0.020923,-0.005288,-0.016399,0.013482,-0.004869,0.016592
0.002459,0.018043,0.005749,0.011928,-0.000354,-0.022816,-0.005055,0.006600,-0.018803,0.005716,-0.010464,0.011002,-0.003415,0.010247,-0.003389,0.004806,-0.015375,-0.015919,-0.019494,-0.007781,0.001150,0.005210,0.012122,0.007709,0.012444,0.003270,0.002897,0.014638,-0.007923,-0.004557,-0.008550,-0.011533,-0.002503,0.003698,0.020491,-0.009930,0.001896,-0.001856,0.012059,0.011262,-0.014724,-0.000475,0.006086,0.001207,0.007430,-0.007114,0.001672,-0.013007,0.001359
0.011270,-0.008214,0.006311,-0.005688,-0.004205,-0.009011,0.004355,-0.010612,0.006219,-0.010662,-0.003676,0.009967,-0.002430,0.004513,-0.006439,0.002951,0.005672,-0.005649,0.006852,-0.015187,0.014142,0.016097,-0.007313,-0.005469,0.002180,0.007236,-0.005413,-0.004546,-0.017687,-0.002672,-0.008038,0.005899,-0.001545,0.000737,0.017120,0.013491,-0.001184,0.006802,-0.000641,0.012668,-0.010529,-0.009631,0.008217,0.017453,-0.008038,0.009623,-0.009371,0.006779,0.016182
-0.008878,0.001845,-0.005542,0.006660,-0.005496,0.002673,0.002411,0.008284,0.003130,0.002941,0.004576,-0.002197,-0.009788,0.008615,0.007887,-0.010631,0.006297,0.011179,-0.001233,-0.012363,-0.000295,-0.006551,0.008972,-0.005246,-0.010602,-0.002014,-0.000005,-0.008481,-0.017304,0.004555,-0.000545,0.007969,-0.014544,-0.003426,0.002680,0.022746,-0.009079,0.019180,0.011524,0.006742,0.017780,0.001436,0.003291,-0.000834,-0.008169,0.000771,-0.000805,-0.003878,0.005289
0.016044,-0.008981,-0.004337,-0.000621,0.003363,-0.002829,-0.007019,-0.014809,0.001946,-0.014951,-0.013069,-0.008498,-0.018211,-0.005286,0.005740,-0.003049,-0.003743,-0.012954,-0.016087,0.017172,0.006323,0.005319,-0.000108,-0.016474,0.010531,-0.009765,-0.010270,0.000047,-0.008728,0.008321,-0.010252,-0.011492,-0.000899,-0.016994,-0.007139,0.002221,-0.000512,-0.020835,-0.014513,-0.023047,-0.017576,0.007721,-0.001403,0.016172,0.021981,-0.005051,0.006769,-0.004812,-0.013932
-0.009905,-0.002204,-0.004038,0.003117,-0.008246,-0.004222,0.000874,0.004672,0.014497,0.013128,0.001097,0.004561,-0.004101,0.006237,-0.009201,-0.021739,-0.018070,-0.007813,0.002354,0.007911,0.010556,0.011710,-0.001778,0.012157,0.000235,0.000048,0.008102,-0.001543,0.020694,0.003636,-0.018054,-0.006038,-0.012143,-0.007194,0.011484,0.018234,-0.012571,-0.008745,0.015234,0.014268,0.000784,-0.005255,-0.001048,0.003947,-0.008131,-0.005448,-0.003260,0.002656,0.007536
0.003604,0.005579,-0.004471,-0.012543,0.004928,-0.007902,-0.009767,0.014347,0.014009,0.019371,-0.000323,0.013607,-0.014720,0.002897,0.021689,0.005691,-0.008447,0.012810,0.003806,0.007363,0.013227,-0.003524,0.001509,-0.019163,-0.012040,-0.001499,-0.001449,0.001391,0.002928,0.005618,0.004474,-0.003436,-0.006430,0.003322,0.022604,0.015612,-0.001818,0.006188,-0.013302,0.001910,0.006060,-0.003734,0.005420,0.002817,-0.005349,0.006625,-0.008333,0.014189,0.003580
-0.007609,0.005330,0.012435,-0.020917,0.009472,-0.005517,0.022000,-0.005670,0.018300,-0.009260,0.001859,0.006444,0.024603,0.007909,-0.012752,-0.002743,0.014691,0.004284,0.000480,-0.010283,-0.007245,0.021541,0.011364,0.010193,-0.000108,-0.015326,-0.010203,0.000135,-0.015073,-0.002054,-0.014799,-0.006142,-0.010680,-0.005622,0.002508,-0.005901,0.005123,0.017162,-0.005837,-0.004942,0.003222,-0.001984,-0.012209,0.011218,0.008789,0.002428,-0.000498,-0.001248,0.016700
-0.005819,0.003490,-0.004749,0.008436,-0.015532,0.009221,-0.008074,0.010819,-0.014610,-0.004915,0.004096,-0.018103,0.007193,-0.003692,0.013848,0.007807,0.001707,-0.006828,-0.024014,0.008572,0.009219,-0.016745,0.016116,-0.005236,-0.015610,-0.005641,-0.011146,0.024296,0.004656,0.007165,-0.008594,0.003448,0.001347,-0.005703,-0.016121,0.020019,-0.000959,0.003461,0.009124,-0.010260,0.007961,0.009245,-0.004520,-0.016258,-0.004716,0.001789,0.011270,-0.001186,-0.010172
-0.011590,0.008141,0.013913,-0.011165,-0.011838,-0.003211,-0.008399,-0.008537,-0.003157,0.005097,0.012150,-0.006320,-0.019868,0.008761,0.002502,-0.002992,-0.003831,-0.014639,-0.020375,0.002064,-0.001545,-0.006649,-0.007475,0.005665,0.006248,-0.008806,0.017708,0.007730,-0.014302,-0.012203,-0.001875,-0.005834,0.014492,0.000989,-0.006519,0.003132,0.010138,-0.015008,0.000923,0.014462,-0.005257,-0.014098,0.000653,-0.002862,-0.006847,0.000113,-0.019498,-0.012313,0.007084
-0.002352,0.012371,-0.012055,-0.008530,0.004941,-0.004057,-0.011740,-0.008180,-0.002220,-0.016411,0.004878,-0.013092,-0.024744,-0.018426,-0.005781,-0.000000,0.015534,-0.005190,0.005577,0.002745,0.019574,0.000069,0.012804,0.008850,-0.007769,0.002762,-0.011565,-0.001216,0.008407,-0.006577,-0.002103,-0.007771,-0.016241,-0.000771,0.004874,-0.004041,0.024075,-0.007196,-0.000475,-0.004976,-0.003732,-0.012027,-0.014668,-0.001919,-0.000866,0.008542,-0.002965,-0.004607,0.024124
0.019205,0.009119,-0.002504,-0.009035,0.009786,0.001859,-0.009630,0.014406,-0.015770,-0.001984,-0.000631,0.014805,0.001585,0.010370,-0.008594,0.003275,0.009575,-0.013381,-0.012515,0.005295,0.003783,-0.021687,0.018438,-0.007414,-0.000446,-0.005022,0.017095,0.002507,0.001220,-0.004342,0.017314,0.002151,-0.024437,-0.001108,-0.000941,-0.006389,-0.007233,0.002744,0.018262,0.009932,-0.019382,0.002677,-0.010488,0.009949,0.012251,0.006081,-0.013704,-0.002785,-0.001168
-0.007273,-0.005029,-0.003102,-0.003518,0.006637,-0.003286,-0.016757,0.013637,0.000594,-0.007925,-0.023938,0.014384,0.003980,0.006389,-0.007387,0.009126,-0.008955,0.025850,0.004897,0.003254,-0.005047,0.007506,-0.005362,0.011216,0.011824,0.001872,-0.006732,0.000950,0.008037,0.001745,0.017350,0.003261,-0.008239,-0.006342,0.006627,-0.002710,0.013304,0.015906,0.004067,-0.018069,0.011902,-0.008011,-0.012474,-0.011909,-0.005318,-0.009318,-0.004631,-0.013857,-0.006293
-0.003067,-0.001122,0.002205,-0.005755,-0.010723,0.000927,-0.018758,-0.000799,0.024073,0.013977,0.004426,-0.013155,-0.001170,0.005236,-0.015833,-0.007638,-0.013726,0.009394,-0.009095,0.007090,0.012125,-0.001300,-0.002162,-0.005628,0.011406,0.009595,-0.010323,0.011876,-0.015424,-0.001082,0.010691,-0.012925,-0.022991,-0.005127,0.004987,0.002683,-0.005577,0.005459,0.003761,-0.019254,0.000639,0.013168,-0.008729,0.013083,0.002520,-0.006280,0.011097,0.006468,0.010015
0.006944,-0.009143,0.007884,-0.003334,0.012231,0.010722,0.003548,-0.016600,-0.003171,0.011156,0.012642,0.003723,-0.007769,-0.009665,-0.003342,-0.012173,0.007099,0.000319,0.006030,0.003391,-0.015231,-0.001251,-0.000779,0.004286,0.028518,-0.001702,0.021035,-0.002262,-0.001816,0.009475,0.017660,0.004177,-0.005795,-0.002265,0.009766,0.003843,0.000372,-0.000763,-0.006804,0.002717,0.004856,-0.009314,-0.004659,-0.011774,0.008775,-0.004707,-0.003537,0.016918,0.008887
0.012938,0.008056,-0.005231,0.016392,-0.011193,0.002688,-0.006322,-0.000003,-0.004056,0.000496,0.004783,0.007927,-0.008625,-0.007639,-0.007194,0.005921,-0.005616,-0.001823,0.023458,-0.003485,-0.009088,-0.006201,0.014419,-0.008622,-0.006594,0.011913,-0.013606,-0.005931,0.010511,-0.002307,-0.009213,-0.021382,0.002073,0.008992,-0.016499,0.009554,-0.014403,-0.015375,-0.000291,-0.022735,0.001998,0.005940,0.006533,-0.023069,0.006249,-0.009525,-0.016065,-0.004999,-0.009897
-0.005995,-0.005461,-0.016572,-0.002989,0.011573,0.009630,0.015029,-0.003824,-0.009305,0.007416,0.008918,0.010363,-0.005616,-0.006920,-0.001766,-0.014035,-0.021980,-0.008791,-0.010039,-0.008027,0.017143,-0.003468,0.013134,0.019013,-0.004555,0.002937,0.006661,0.000548,0.008547,-0.001099,0.004192,-0.005378,-0.024163,0.007898,0.003274,-0.012108,-0.009230,-0.008958,-0.005811,-0.002642,-0.012162,-0.010400,0.000045,-0.008626,0.011559,0.023525,-0.012287,0.001837,0.010560
-0.006977,-0.000602,-0.004840,-0.005570,0.016202,0.003709,0.018204,0.010174,-0.013231,-0.019787,-0.004816,-0.006121,-0.006062,-0.013926,0.002486,0.008426,-0.010439,-0.015245,0.008933,0.002619,-0.001858,-0.005003,0.001352,-0.005138,0.015931,-0.007843,-0.004714,0.008945,0.006386,-0.007318,-0.009629,0.005107,0.003201,0.008874,-0.018429,0.004119,0.000302,0.011940,-0.003464,0.006835,0.003946,0.010834,0.005933,0.021834,0.013046,-0.005225,-0.002640,-0.001033,-0.000769
-0.020574,-0.000966,-0.010921,0.003422,0.001145,-0.017590,-0.023378,-0.009486,0.001423,0.008410,-0.010357,0.001927,0.003889,0.016076,-0.005363,0.000623,0.013798,-0.005942,0.003491,-0.015001,-0.003589,0.004202,0.000987,0.009945,0.022792,0.012136,0.013962,0.000726,-0.008171,0.003888,-0.000648,0.002305,-0.003797,0.001475,-0.002367,0.004758,0.021696,0.009175,-0.003425,0.003928,-0.000508,0.008895,0.010110,-0.010230,0.010194,0.017783,0.000116,0.012544,0.001981
-0.001123,-0.012033,-0.019363,0.031327,-0.015513,-0.004405,0.015051,0.016960,-0.007656,0.012650,0.002841,0.005949,0.005789,-0.003766,-0.002764,0.001219,0.009756,0.008365,0.001209,0.027380,0.006357,-0.020662,-0.002047,0.001586,0.018780,0.013781,0.006511,0.002934,-0.010852,-0.002475,-0.008654,0.002603,-0.013187,0.006993,-0.009409,0.012025,0.023356,0.014906,-0.012295,-0.008406,0.005743,0.003339,-0.000983,-0.006823,0.001684,0.022062,0.004549,-0.021603,0.004132
-0.025281,0.002110,0.000911,-0.004639,0.008335,-0.015627,-0.002027,-0.004603,-0.010269,0.007526,-0.011807,-0.002285,0.007181,-0.008223,0.006071,-0.006751,-0.004063,-0.001802,0.010885,-0.020924,0.011893,0.009184,0.000656,-0.003611,0.007714,0.010747,-0.003866,-0.007403,-0.011082,0.021720,-0.001997,0.012392,-0.000980,-0.016774,-0.003465,-0.020052,-0.014766,-0.005179,0.011533,0.011877,0.004162,-0.010664,-0.006976,0.010010,0.004697,0.006905,-0.006317,-0.010157,-0.018287
-0.010487,-0.006880,0.003087,-0.013559,-0.004868,-0.011601,0.020418,0.005583,0.010321,0.005918,0.000116,-0.002141,-0.012620,0.011142,0.017015,-0.000399,-0.014361,-0.005828,-0.008553,0.014744,-0.006511,-0.000369,0.013020,-0.011220,0.000562,-0.014035,0.021395,0.002345,-0.011815,0.003689,0.012697,-0.008601,0.006566,0.003798,-0.009270,0.018381,0.002939,-0.008288,0.000206,0.010239,-0.004531,-0.005209,-0.017283,-0.004896,-0.000698,0.005568,0.013341,0.004801,-0.012142
0.006644,-0.015551,0.008094,-0.021460,0.018419,-0.005853,-0.002285,-0.006131,0.007093,-0.008531,-0.000115,0.014790,0.008179,-0.000422,0.004159,-0.011763,0.015751,0.006696,-0.001342,-0.002872,-0.000331,-0.003052,0.017819,0.014290,-0.002226,0.007317,0.004735,-0.010890,0.002584,0.013399,-0.009163,0.004828,0.019929,-0.013843,0.005584,-0.002473,-0.006428,0.008139,0.001398,0.012205,-0.016812,-0.003867,0.003341,-0.006164,-0.010153,-0.001682,0.004093,0.007036,-0.009335
-0.003196,0.013911,0.008174,-0.015659,0.015995,0.010540,-0.018855,0.011854,0.007897,-0.001622,0.006270,0.016619,0.003812,0.001687,0.019323,-0.006905,0.000677,-0.003430,-0.001846,0.004931,-0.007320,0.013967,0.011524,-0.018113,-0.004912,0.011770,-0.006112,-0.011139,-0.002522,0.004781,0.008730,-0.012812,-0.000955,-0.004844,0.012085,0.000502,-0.006995,0.009680,0.006780,0.020284,0.017358,0.004680,0.009032,0.004109,0.004419,-0.003298,0.010049,0.025269,-0.000404
0.013488,-0.000535,0.008988,0.004325,-0.006209,0.006298,0.001939,-0.006679,0.000907,-0.002421,0.015719,-0.010444,0.001109,0.006163,0.002358,0.013449,-0.003529,0.003497,0.015968,0.005802,-0.004340,-0.003150,-0.000563,0.004787,0.004727,-0.002985,0.005671,0.001400,0.007573,0.016984,0.013015,-0.017901,-0.001354,0.010384,0.008750,0.002610,-0.014420,0.001176,-0.001213,0.012930,-0.004063,-0.009941,-0.013477,-0.002971,-0.005016,-0.006973,0.002212,0.002305,-0.013036
-0.016363,-0.001669,-0.003281,0.000852,-0.000079,0.004611,0.017679,-0.007633,0.008882,0.008338,0.004131,0.004451,0.001695,0.007150,0.003137,0.011300,-0.016971,0.004869,-0.011877,-0.001770,0.001688,0.010294,0.004132,0.006456,0.005669,0.008243,-0.006712,-0.005648,0.008354,-0.008498,0.005659,-0.005456,0.011620,-0.006122,0.002831,0.007785,-0.006937,-0.000404,0.007308,-0.008607,0.017513,-0.000307,0.001588,-0.009581,0.007913,0.004418,-0.014138,-0.009569,-0.002184
-0.000665,0.007815,0.006686,0.014155,0.004656,-0.010917,-0.003679,0.006823,-0.019309,0.013558,0.009209,0.010342,0.003320,-0.005236,-0.005202,-0.019008,-0.002551,0.002059,0.008376,-0.009686,-0.010561,-0.007140,0.015057,-0.000317,0.020520,-0.008020,0.001366,-0.005340,0.006700,-0.006573,0.011125,-0.019765,0.006884,-0.001211,-0.004965,0.005034,0.003721,-0.000314,0.008721,0.010724,0.000711,-0.009934,0.000936,-0.010678,0.016599,-0.002316,-0.017270,-0.008355,-0.005932
-0.008821,-0.004107,0.004350,-0.003564,0.019075,-0.000988,0.008819,0.005260,0.007498,0.006749,-0.004483,-0.015403,-0.001758,-0.013602,-0.013641,0.024090,-0.007481,0.006559,-0.013326,-0.002127,0.018912,-0.011322,-0.017343,-0.011192,0.010051,0.007264,0.001593,-0.003760,-0.016382,0.025078,-0.010717,-0.003490,-0.009443,-0.009761,0.008637,0.006293,0.008125,0.002389,-0.000726,-0.008404,0.003601,0.008107,0.000019,0.001933,-0.010263,0.000894,0.008404,0.006871,0.002683
0.008573,0.003863,0.004575,0.016031,0.012371,0.002027,0.007095,-0.003654,-0.011055,0.014585,0.000284,0.008983,-0.001613,0.002387,0.017285,0.000720,0.011740,0.004519,-0.001390,-0.009593,0.008245,0.002528,0.000319,0.002286,-0.006907,-0.006341,0.011310,0.001467,-0.011803,-0.002836,-0.006612,0.001009,-0.004852,-0.001997,0.000638,-0.014213,-0.000439,0.017027,0.001641,0.004115,0.000691,-0.015546,-0.015281,-0.015739,0.009753,0.002991,-0.008410,-0.001419,-0.010295
0.010902,0.000852,-0.012031,0.001816,-0.004190,0.020230,0.002286,-0.004298,0.019788,0.008003,-0.014068,0.004514,-0.018105,-0.003558,-0.001289,-0.008205,0.015022,0.002829,-0.002943,-0.001919,0.011416,0.004559,-0.011855,-0.023177,-0.003816,0.028746,0.013343,0.003818,-0.003264,-0.012011,-0.011297,0.000005,-0.005246,-0.001840,0.002540,-0.022771,0.010733,-0.005095,-0.013588,-0.009969,0.000118,0.006176,0.000578,-0.000539,-0.005136,-0.007547,0.003582,-0.003744,-0.001373
0.013519,-0.006762,0.002468,0.000251,-0.017881,-0.006920,-0.011182,0.007007,0.002284,-0.007896,-0.010541,-0.010716,0.000266,0.014999,0.010605,-0.005027,-0.011310,0.008259,-0.001106,0.000934,0.006356,0.009229,-0.009038,0.011720,-0.002207,-0.008071,0.006764,-0.004704,0.006702,0.010009,0.003955,-0.000566,-0.003515,0.003647,-0.001539,-0.001286,0.003495,0.005155,-0.001743,0.002904,-0.003023,-0.013538,0.002507,-0.004258,-0.008352,-0.004505,-0.003051,0.003958,0.019576
0.000415,-0.001357,0.005660,-0.010432,0.011068,0.005467,0.007770,0.003185,-0.000761,-0.011695,-0.002714,-0.011429,-0.007294,0.001351,-0.005310,-0.019551,-0.001012,0.003336,0.012735,-0.012782,0.008846,0.003572,0.011016,0.002927,-0.001352,-0.019856,0.000453,0.006145,0.023336,0.025551,0.006444,-0.011808,0.012945,-0.010720,-0.003735,-0.010854,-0.016006,0.014922,0.005716,0.006196,-0.004943,-0.011114,-0.002091,0.014818,0.008070,-0.006747,-0.015058,-0.002392,-0.011956
-0.005421,0.015495,0.007271,0.000171,0.007807,-0.004229,-0.001899,-0.002638,0.006940,-0.001779,0.001599,-0.019705,0.004933,0.006339,0.015117,0.011747,-0.000275,0.000926,-0.008339,0.003212,0.006494,0.017066,0.002614,0.007250,-0.024467,0.014682,-0.010663,-0.008069,0.003723,-0.009527,-0.012821,0.000786,-0.008721,-0.005434,0.015715,0.008802,-0.023898,0.008571,-0.006401,0.000716,-0.008356,-0.002222,0.014592,0.022249,-0.023022,-0.005557,-0.013088,0.008406,-0.004774
-0.000712,-0.019635,-0.017225,0.004125,-0.006205,-0.004837,0.013147,-0.002769,-0.006223,0.004819,-0.002795,-0.004987,-0.004463,-0.008760,0.000279,-0.008132,0.014279,-0.008975,-0.002903,-0.003511,0.006861,0.011214,-0.005500,-0.003772,0.013355,0.015130,0.007173,0.009609,0.005708,-0.000050,0.007435,0.017416,0.013489,0.017327,0.017125,-0.003521,-0.006387,-0.016454,0.005263,0.000769,-0.011543,-0.013103,-0.000088,0.011787,-0.014107,0.000583,0.001428,0.020825,-0.003642
-0.005028,0.006041,0.007771,-0.005471,0.003569,0.004832,-0.004751,0.003260,-0.006721,-0.004952,-0.002492,-0.001300,0.004011,-0.010499,-0.015325,-0.004845,-0.011480,-0.003687,-0.005976,0.002659,0.008054,-0.004026,0.006293,0.002314,0.016596,-0.019206,-0.000687,0.010854,0.001526,-0.003536,0.003298,0.005144,0.001088,0.009066,-0.011691,0.016052,0.005193,-0.001518,0.007565,0.001563,-0.017320,0.000505,0.005349,-0.012742,-0.006327,-0.001008,0.009474,0.007492,-0.005773
-0.002230,-0.017611,-0.001736,-0.003205,0.002475,-0.002657,-0.001770,-0.023591,-0.002283,0.010197,0.000994,0.001454,0.008047,0.006524,0.010450,0.003012,-0.006457,0.003534,-0.010110,-0.007459,0.005460,-0.001802,-0.017904,0.013827,-0.011822,-0.019541,-0.017248,-0.003587,-0.002079,-0.006639,-0.000100,-0.002925,0.004030,0.004174,-0.008888,0.008907,-0.013092,-0.018271,0.032111,0.006626,0.000033,0.002909,-0.000274,0.008530,0.009478,-0.002570,0.010655,-0.002878,0.009309
0.004181,0.001733,-0.002942,0.000589,-0.004313,0.006550,-0.007668,0.005010,0.006510,-0.001223,0.005881,0.004412,-0.002212,-0.024919,0.004890,-0.003394,-0.012311,0.009784,0.009504,-0.013273,0.016618,-0.002471,0.013416,-0.001850,-0.014204,0.014811,0.015767,-0.015760,-0.011888,-0.023858,0.003504,-0.000635,0.008763,-0.019377,-0.001651,0.021770,-0.004019,0.013623,-0.006154,-0.001497,0.015886,0.002523,0.001135,-0.010032,-0.016089,0.015796,-0.000107,-0.006143,-0.005807
-0.015865,0.012773,-0.010575,0.009708,0.005292,-0.001073,0.012981,0.012019,0.009548,0.002296,0.026870,0.006271,-0.010969,0.004506,-0.006139,-0.022153,0.020215,0.013239,0.006573,0.003850,-0.010650,0.007582,-0.002806,-0.000353,0.003397,0.000764,-0.013544,0.014439,0.006047,-0.005747,-0.012490,0.001836,0.011741,0.005461,0.022202,-0.003634,-0.006450,-0.000762,-0.009053,-0.009246,-0.008761,0.014600,0.003824,0.009461,0.010918,0.004657,0.007365,0.007453,-0.005638
0.007226,-0.011967,0.004439,-0.024753,0.021670,-0.000079,0.002458,-0.003234,0.011041,-0.013787,-0.010269,-0.017410,0.007922,-0.009792,0.001959,-0.007103,0.000991,-0.005504,0.010887,0.004190,0.018825,-0.000247,-0.008953,-0.006951,0.013642,-0.007002,0.003510,0.000447,-0.003342,0.000797,0.001307,-0.007728,0.001524,-0.002716,-0.009257,-0.009956,-0.015245,0.021319,-0.010635,0.007527,-0.013860,-0.003304,-0.019110,-0.011535,-0.006326,-0.016100,0.007837,-0.011178,-0.001139
0.024820,-0.003197,-0.000038,0.001840,0.014287,0.006386,0.004986,-0.004109,-0.007348,0.000881,0.023497,-0.000263,-0.003941,0.005008,-0.002067,-0.004082,0.010386,-0.001808,-0.008612,0.008083,0.004734,0.005971,-0.001025,0.006179,0.009971,0.011674,-0.005007,0.006383,-0.007408,-0.000670,0.002133,-0.000374,-0.015556,0.001998,0.005721,0.011205,-0.014082,-0.015936,0.007894,0.004114,0.010982,-0.001780,0.009017,-0.007875,0.011085,0.007877,0.007891,0.009342,0.008026
0.009125,-0.001432,0.001728,0.006621,0.006419,-0.004172,-0.007566,0.003694,0.005517,-0.001857,0.004742,-0.007160,0.023209,0.008773,0.004070,0.006586,-0.003566,0.000175,-0.009419,0.007870,-0.005561,-0.013978,0.012945,0.007357,-0.002481,0.020946,-0.001947,-0.003999,0.018758,-0.013378,0.008283,-0.000940,0.003423,0.017046,0.002358,0.023220,0.006371,0.002038,0.006526,-0.004103,0.015768,-0.009933,-0.001604,-0.004933,0.009814,-0.012067,-0.020445,-0.008388,0.018844
0.003718,0.004103,0.000669,-0.006809,-0.005025,-0.009431,-0.006173,-0.011530,0.007703,0.007261,-0.000775,-0.002273,0.011739,-0.001730,-0.004886,0.003288,-0.000133,-0.003165,-0.000964,-0.004759,0.003774,-0.013791,0.018981,0.006210,0.012738,-0.005482,-0.007534,-0.005994,-0.015650,-0.006684,0.001845,0.000500,-0.006121,0.012721,-0.027564,-0.002245,0.002859,0.005722,0.008195,0.003110,0.002239,0.021115,-0.025486,-0.002778,0.003801,-0.006012,-0.027974,0.007925,-0.010747
